r 416 0000
s 425 0001
e 884 001
A 24 01000000
q 6 0100000100
1 3 01000001010
Y 3 01000001011
" 13 010000011
k 51 0100001
b 111 010001
f 222 01001
n 458 0101
S 6 0110000000
O 3 01100000010
9 2 011000000110
E 1 0110000001110
H 1 0110000001111
T 14 011000001
L 15 011000010
C 7 0110000110
B 4 01100001110
; 1 0110000111100
? 1 0110000111101
D 2 011000011111

 58 0110001
y 124 011001
d 262 01101
a 544 0111
i 547 1000
o 607 1001
, 62 1010000
J 2 101000100000
0 2 101000100001
P 4 10100010001
3 2 101000100100
U 1 1010001001010
K 1 1010001001011
! 4 10100010011
x 4 10100010100
6 2 101000101010
: 2 101000101011
G 9 1010001011
W 18 101000110
M 9 1010001110
- 10 1010001111
w 147 101001
l 331 10101
t 660 1011
v 81 1100000
. 82 1100001
g 169 110001
u 177 110010
c 177 110011
j 20 110100000
I 23 110100001
N 23 110100010
' 12 1101000110
z 6 11010001110
8 1 1101000111100
R 1 11010001111010
2 1 11010001111011
F 3 110100011111
p 92 1101001
m 183 110101
h 381 11011
  1644 111
